# Elevation[m]
0
0.10456
0.119345
0.242497
0.281032
0.353828
0.642903
0.767785
0.927895
0.938267
1.04707
1.28591
1.34008
1.34383
1.34697
1.3662
1.45365
1.45571
1.4571
1.46887
1.50096
1.69051
1.7194
1.82872
1.89095
1.96765
2.01979
2.22464
2.22889
2.3876
2.45791
2.60826
2.65258
2.65721
2.65992
2.97284
2.99241
3.00779
3.1228
3.15195
3.4286
3.71176
4.0866
4.44777
4.56302
5.00842
5.16323
5.20248
5.25049
5.29777
5.38129
5.4775
5.51835
5.69318
5.8728
5.98929
6.05794
6.07188
6.2234
6.3336
6.37938
6.51267
6.54832
6.5488
6.5747
6.85759
6.964
7.03595
7.18016
7.1819
7.2168
7.28914
7.30081
7.41328
7.56456
7.56744
7.64828
7.7068
7.96981
7.99496
8.11612
8.17464
8.22981
8.25316
8.40798
8.59478
8.61585
8.62595
8.7733
8.87026
8.89685
8.97189
9.16312
9.16727
9.19666
9.20661
9.23288
9.2485
9.28894
9.32079
