# Subcatchment X-Coord Y-Coord
1 100 21.3945
1 89.2971 21.5406
1 87.8255 19.0328
1 90.3744 10.681
1 96.0894 0
1 100 0
2 81.2008 17.8872
2 77.8183 18.2277
2 76.0314 16.7338
2 75.5297 13.2679
2 83.0897 0
2 96.0894 0
2 90.3744 10.681
3 87.8255 19.0328
3 81.2008 17.8872
3 90.3744 10.681
4 100 30.9113
4 89.2247 30.3562
4 87.8385 29.6884
4 86.3453 26.0458
4 89.2971 21.5406
4 100 21.3945
5 75.5297 13.2679
5 65.0292 9.92022
5 57.5181 -0
5 83.0897 0
6 80.0648 24.015
6 77.8183 18.2277
6 81.2008 17.8872
6 87.8255 19.0328
6 89.2971 21.5406
6 86.3453 26.0458
7 100 37.7523
7 88.0154 42.2214
7 89.2247 30.3562
7 100 30.9113
8 100 53.2035
8 94.1781 51.078
8 88.3533 45.1162
8 87.2128 42.8233
8 88.0154 42.2214
8 100 37.7523
9 84.2516 42.4887
9 81.1913 34.4671
9 87.8385 29.6884
9 89.2247 30.3562
9 88.0154 42.2214
9 87.2128 42.8233
10 80.0096 24.1271
10 80.0648 24.015
10 86.3453 26.0458
10 87.8385 29.6884
10 81.1913 34.4671
10 80.8764 34.3037
11 66.8227 21.5164
11 66.4029 21.3633
11 62.5164 19.4982
11 65.0292 9.92022
11 75.5297 13.2679
11 76.0314 16.7338
11 73.4615 18.7965
12 62.5164 19.4982
12 59.1391 20.4757
12 57.6387 19.3617
12 50.2915 -0
12 57.5181 -0
12 65.0292 9.92022
13 100 63.4806
13 92.3356 64.841
13 91.7048 64.5383
13 91.8801 57.4264
13 100 54.0676
14 77.9797 33.9818
14 76.6636 27.2465
14 80.0096 24.1271
14 80.8764 34.3037
15 76.6636 27.2465
15 72.4137 28.297
15 73.4615 18.7965
15 76.0314 16.7338
15 77.8183 18.2277
15 80.0648 24.015
15 80.0096 24.1271
16 91.8801 57.4264
16 86.7226 57.831
16 87.3282 54.7093
16 94.1781 51.078
16 100 53.2035
16 100 54.0676
17 30.1524 17.641
17 25.3888 13.4645
17 24.8265 0
17 48.2266 0
17 47.1184 2.32612
18 85.2982 62.4208
18 91.7048 64.5383
18 91.8801 57.4264
18 86.7226 57.831
18 84.3451 61.1953
19 94.1781 51.078
19 87.3282 54.7093
19 86.2218 52.8224
19 88.3533 45.1162
20 100 70.6061
20 90.9466 70.4272
20 92.3356 64.841
20 100 63.4806
21 100 84.4617
21 89.1077 74.3721
21 90.9466 70.4272
21 100 70.6061
22 72.4137 28.297
22 70.1511 30.4555
22 68.0819 29.9327
22 66.8227 21.5164
22 73.4615 18.7965
23 72.4137 28.297
23 70.1511 30.4555
23 73.51 34.868
23 77.9797 33.9818
23 76.6636 27.2465
24 25.3888 13.4645
24 18.609 14.5694
24 0.716076 0
24 24.8265 0
25 84.2516 42.4887
25 77.8789 46.5386
25 81.5016 51.3365
25 86.2218 52.8224
25 88.3533 45.1162
25 87.2128 42.8233
26 57.6387 19.3617
26 46.4848 20.8739
26 47.1184 2.32612
26 48.2266 0
26 50.2915 -0
27 85.2982 62.4208
27 91.7048 64.5383
27 92.3356 64.841
27 90.9466 70.4272
27 89.1077 74.3721
27 88.0854 74.199
27 84.3839 69.4804
28 31.1554 22.2597
28 30.1524 17.641
28 47.1184 2.32612
28 46.4848 20.8739
28 45.3228 23.2217
29 86.7226 57.831
29 84.3451 61.1953
29 81.9395 60.6903
29 81.5016 51.3365
29 86.2218 52.8224
29 87.3282 54.7093
30 77.9797 33.9818
30 73.51 34.868
30 71.7648 40.6836
30 71.7447 42.0267
30 71.7952 42.121
30 75.632 46.8319
30 77.8789 46.5386
30 84.2516 42.4887
30 81.1913 34.4671
30 80.8764 34.3037
31 100 84.4617
31 100 86.5573
31 79.0727 79.3947
31 88.0854 74.199
31 89.1077 74.3721
32 18.609 14.5694
32 14.8882 19.9458
32 0 20.5856
32 0 0
32 0.716076 0
33 66.4029 21.3633
33 62.803 26.5789
33 58.509 23.022
33 59.1391 20.4757
33 62.5164 19.4982
34 100 100
34 82.0191 100
34 76.3114 81.1156
34 76.252 80.1116
34 79.0727 79.3947
34 100 86.5573
35 62.803 26.5789
35 65.1471 31.2102
35 68.0819 29.9327
35 66.8227 21.5164
35 66.4029 21.3633
36 58.509 23.022
36 59.1391 20.4757
36 57.6387 19.3617
36 46.4848 20.8739
36 45.3228 23.2217
36 48.6448 30.5499
36 49.9473 31.0959
36 54.888 30.2619
37 77.8789 46.5386
37 75.632 46.8319
37 73.5563 50.3148
37 73.0243 61.6521
37 81.9395 60.6903
37 81.5016 51.3365
38 79.0727 79.3947
38 76.252 80.1116
38 74.1657 77.5137
38 75.0826 71.7993
38 84.3839 69.4804
38 88.0854 74.199
39 61.3082 33.7275
39 62.3513 33.314
39 65.1471 31.2102
39 62.803 26.5789
39 58.509 23.022
39 54.888 30.2619
40 84.3451 61.1953
40 85.2982 62.4208
40 84.3839 69.4804
40 75.0826 71.7993
40 72.6686 62.0117
40 73.0243 61.6521
40 81.9395 60.6903
41 14.8882 19.9458
41 17.1288 24.6846
41 29.4873 26.3083
41 31.1554 22.2597
41 30.1524 17.641
41 25.3888 13.4645
41 18.609 14.5694
42 73.51 34.868
42 70.1511 30.4555
42 68.0819 29.9327
42 65.1471 31.2102
42 62.3513 33.314
42 71.7648 40.6836
43 17.1288 24.6846
43 15.7865 26.8346
43 0 30.6805
43 0 20.5856
43 14.8882 19.9458
44 61.3082 33.7275
44 62.3513 33.314
44 71.7648 40.6836
44 71.7447 42.0267
44 60.8457 41.2751
44 60.7796 41.2061
45 31.1554 22.2597
45 29.4873 26.3083
45 29.4809 27.2017
45 44.5341 33.2981
45 48.6448 30.5499
45 45.3228 23.2217
46 29.4873 26.3083
46 17.1288 24.6846
46 15.7865 26.8346
46 16.652 30.5353
46 28.5968 31.4099
46 29.4809 27.2017
47 75.632 46.8319
47 71.7952 42.121
47 62.6604 48.5559
47 64.2083 50.4072
47 73.5563 50.3148
48 14.0554 36.6803
48 0 36.9595
48 0 30.6805
48 15.7865 26.8346
48 16.652 30.5353
49 71.7447 42.0267
49 60.8457 41.2751
49 62.2001 48.2404
49 62.6604 48.5559
49 71.7952 42.121
50 41.235 37.6727
50 32.6807 38.9194
50 29.5904 35.4694
50 28.5421 33.3397
50 28.5968 31.4099
50 29.4809 27.2017
50 44.5341 33.2981
51 82.0191 100
51 73.1967 100
51 68.4117 86.7525
51 76.3114 81.1156
52 73.5563 50.3148
52 73.0243 61.6521
52 72.6686 62.0117
52 72.4943 62.0181
52 62.6231 60.3498
52 64.2083 50.4072
53 60.7796 41.2061
53 61.3082 33.7275
53 54.888 30.2619
53 49.9473 31.0959
53 51.8885 42.2095
53 52.6205 42.908
54 28.5421 33.3397
54 28.5968 31.4099
54 16.652 30.5353
54 14.0554 36.6803
54 17.0921 38.0802
55 73.1967 100
55 58.9783 100
55 60.0377 86.2007
55 68.4117 86.7525
56 42.8152 40.5806
56 51.0182 42.3258
56 51.8885 42.2095
56 49.9473 31.0959
56 48.6448 30.5499
56 44.5341 33.2981
56 41.235 37.6727
57 58.8151 80.1624
57 60.0377 86.2007
57 68.4117 86.7525
57 76.3114 81.1156
57 76.252 80.1116
57 74.1657 77.5137
57 65.2291 77.5853
58 66.2924 69.3609
58 65.1165 70.9434
58 65.2291 77.5853
58 74.1657 77.5137
58 75.0826 71.7993
58 72.6686 62.0117
58 72.4943 62.0181
59 60.8457 41.2751
59 60.7796 41.2061
59 52.6205 42.908
59 52.6315 49.8013
59 55.815 50.8656
59 62.2001 48.2404
60 61.2976 60.7372
60 60.3711 59.7674
60 55.815 50.8656
60 62.2001 48.2404
60 62.6604 48.5559
60 64.2083 50.4072
60 62.6231 60.3498
61 51.0182 42.3258
61 42.5186 47.2286
61 42.8152 40.5806
62 59.0123 63.7653
62 66.2924 69.3609
62 72.4943 62.0181
62 62.6231 60.3498
62 61.2976 60.7372
63 66.2924 69.3609
63 65.1165 70.9434
63 58.2919 64.6867
63 59.0123 63.7653
64 41.8312 48.8119
64 36.7005 51.2942
64 32.7086 39.4219
64 32.6807 38.9194
64 41.235 37.6727
64 42.8152 40.5806
64 42.5186 47.2286
65 41.8312 48.8119
65 50.3509 51.5823
65 52.6315 49.8013
65 52.6205 42.908
65 51.8885 42.2095
65 51.0182 42.3258
65 42.5186 47.2286
66 50.3509 51.5823
66 49.6801 55.9325
66 60.3711 59.7674
66 55.815 50.8656
66 52.6315 49.8013
67 19.4214 44.3116
67 22.9858 43.9238
67 29.5904 35.4694
67 28.5421 33.3397
67 17.0921 38.0802
67 18.5475 43.3262
68 54.2558 77.4032
68 58.8151 80.1624
68 65.2291 77.5853
68 65.1165 70.9434
68 58.2919 64.6867
68 55.9433 66.572
69 59.0123 63.7653
69 58.2919 64.6867
69 55.9433 66.572
69 46.1691 61.499
69 46.1523 61.4422
69 49.6801 55.9325
69 60.3711 59.7674
69 61.2976 60.7372
70 18.5475 43.3262
70 0 51.3754
70 0 36.9595
70 14.0554 36.6803
70 17.0921 38.0802
71 28.6032 44.1585
71 32.7086 39.4219
71 32.6807 38.9194
71 29.5904 35.4694
71 22.9858 43.9238
71 23.2146 44.1381
72 50.3509 51.5823
72 49.6801 55.9325
72 46.1523 61.4422
72 35.1532 54.5005
72 36.7005 51.2942
72 41.8312 48.8119
73 28.6032 44.1585
73 27.0823 46.578
73 23.2217 44.1466
73 23.2146 44.1381
74 35.1532 54.5005
74 36.7005 51.2942
74 32.7086 39.4219
74 28.6032 44.1585
74 27.0823 46.578
74 27.2007 50.4453
74 31.6559 55.8902
74 32.476 56.0206
75 17.9916 51.1449
75 5.01974 58.1701
75 0 57.8431
75 0 51.3754
75 18.5475 43.3262
75 19.4214 44.3116
75 19.2135 49.3301
76 27.0823 46.578
76 27.2007 50.4453
76 24.6256 49.4784
76 23.2217 44.1466
77 23.2146 44.1381
77 23.2217 44.1466
77 24.6256 49.4784
77 19.2135 49.3301
77 19.4214 44.3116
77 22.9858 43.9238
78 58.9783 100
78 46.0728 100
78 46.0658 98.951
78 50.2542 78.1466
78 54.2558 77.4032
78 58.8151 80.1624
78 60.0377 86.2007
79 46.0658 98.951
79 46.0728 100
79 33.2751 100
79 33.2251 97.678
79 38.7289 86.7981
79 41.9365 85.6535
80 50.2542 78.1466
80 46.0658 98.951
80 41.9365 85.6535
80 43.4077 76.7193
81 27.2007 50.4453
81 31.6559 55.8902
81 27.6522 57.0625
81 26.086 56.7323
81 17.9916 51.1449
81 19.2135 49.3301
81 24.6256 49.4784
82 54.2558 77.4032
82 50.2542 78.1466
82 43.4077 76.7193
82 39.4254 74.4467
82 46.1691 61.499
82 55.9433 66.572
83 32.7571 77.9028
83 38.7289 86.7981
83 33.2251 97.678
83 31.1444 83.5383
84 33.9963 74.4348
84 33.2282 75.153
84 32.7571 77.9028
84 38.7289 86.7981
84 41.9365 85.6535
84 43.4077 76.7193
84 39.4254 74.4467
85 26.086 56.7323
85 9.42082 59.9836
85 5.01974 58.1701
85 17.9916 51.1449
86 33.0896 71.6899
86 33.9963 74.4348
86 39.4254 74.4467
86 46.1691 61.499
86 46.1523 61.4422
86 35.1532 54.5005
86 32.476 56.0206
87 19.0261 71.0079
87 19.4336 72.8691
87 12.9269 76.1176
87 0 72.1932
87 0 57.8431
87 5.01974 58.1701
87 9.42082 59.9836
87 17.2872 65.2047
88 13.0831 83.0832
88 0 88.041
88 0 72.1932
88 12.9269 76.1176
88 13.9063 78.6421
89 17.2872 65.2047
89 22.3772 63.9912
89 27.6522 57.0625
89 26.086 56.7323
89 9.42082 59.9836
90 17.0882 93.4059
90 15.5616 100
90 0 100
90 0 88.041
90 13.0831 83.0832
90 16.0223 85.4048
91 33.2251 97.678
91 33.2751 100
91 28.7654 100
91 24.3964 85.738
91 31.1444 83.5383
92 28.7654 100
92 15.5616 100
92 17.0882 93.4059
92 22.6888 85.6914
92 24.3964 85.738
93 13.9063 78.6421
93 19.1223 81.5055
93 19.2092 81.7374
93 16.0223 85.4048
93 13.0831 83.0832
94 33.0896 71.6899
94 25.7697 66.9034
94 22.3772 63.9912
94 27.6522 57.0625
94 31.6559 55.8902
94 32.476 56.0206
95 21.4998 74.0759
95 19.4336 72.8691
95 12.9269 76.1176
95 13.9063 78.6421
95 19.1223 81.5055
96 25.7697 66.9034
96 19.0261 71.0079
96 17.2872 65.2047
96 22.3772 63.9912
97 19.4336 72.8691
97 19.0261 71.0079
97 25.7697 66.9034
97 33.0896 71.6899
97 33.9963 74.4348
97 33.2282 75.153
97 30.5116 75.3322
97 21.4998 74.0759
98 33.2282 75.153
98 30.5116 75.3322
98 21.3519 82.7755
98 22.6888 85.6914
98 24.3964 85.738
98 31.1444 83.5383
98 32.7571 77.9028
99 21.3519 82.7755
99 19.2092 81.7374
99 16.0223 85.4048
99 17.0882 93.4059
99 22.6888 85.6914
100 30.5116 75.3322
100 21.4998 74.0759
100 19.1223 81.5055
100 19.2092 81.7374
100 21.3519 82.7755
